0.000000	0.279641	0.271605	0.268150	0.276063	0.280251	0.271744	0.278018	0.267286	0.268889	0.270451	0.271608	0.265178	0.272197	0.270147	0.275676	0.278489	0.260043	0.275698	0.260653	0.275755	0.276379	0.280035	0.256526	0.282778	0.281297	0.272079	0.270959	0.277778	0.262726	0.275347	0.272471	0.271704	0.268208	0.280104	0.270761	0.264831	0.273180	0.278979	
0.279641	0.000000	0.266916	0.272468	0.265659	0.272309	0.242371	0.266301	0.265512	0.267135	0.265440	0.272747	0.268046	0.264300	0.266359	0.265248	0.272247	0.254055	0.271949	0.257187	0.265361	0.265315	0.274123	0.260289	0.270472	0.271451	0.281394	0.269138	0.267544	0.267236	0.269510	0.266593	0.272568	0.257130	0.271686	0.276157	0.262860	0.272427	0.266403	
0.271605	0.266916	0.000000	0.264298	0.263636	0.270423	0.261445	0.270341	0.259965	0.260690	0.254058	0.262839	0.262174	0.262941	0.264335	0.267346	0.270906	0.254766	0.273476	0.248807	0.263756	0.271559	0.277946	0.260710	0.276416	0.273693	0.273062	0.274599	0.272156	0.272334	0.268955	0.279818	0.268287	0.267981	0.270017	0.280572	0.263867	0.280035	0.268647	
0.268150	0.272468	0.264298	0.000000	0.279421	0.277345	0.271704	0.279221	0.273395	0.276370	0.268409	0.274908	0.272076	0.267718	0.272806	0.277742	0.271286	0.271824	0.272944	0.263420	0.260000	0.275038	0.287505	0.272610	0.298918	0.281913	0.273336	0.281635	0.274162	0.263703	0.279029	0.273673	0.263158	0.272059	0.279357	0.281203	0.263158	0.277320	0.288495	
0.276063	0.265659	0.263636	0.279421	0.000000	0.267271	0.253460	0.274968	0.265601	0.257248	0.266393	0.269704	0.261162	0.267703	0.262338	0.267934	0.266710	0.249568	0.267085	0.259836	0.258544	0.273872	0.271274	0.265847	0.280865	0.276145	0.270019	0.257995	0.264579	0.270317	0.268398	0.273219	0.253731	0.266580	0.270382	0.279014	0.261580	0.268356	0.252593	
0.280251	0.272309	0.270423	0.277345	0.267271	0.000000	0.263044	0.255084	0.260212	0.265974	0.269488	0.262805	0.265567	0.272531	0.275623	0.273848	0.274386	0.244867	0.275384	0.258225	0.264993	0.280687	0.272432	0.261170	0.281108	0.276444	0.275221	0.273416	0.271194	0.272982	0.266580	0.280884	0.271546	0.275146	0.272412	0.280398	0.258621	0.276886	0.268931	
0.271744	0.242371	0.261445	0.271704	0.253460	0.263044	0.000000	0.267505	0.262554	0.256722	0.258867	0.267258	0.271997	0.263853	0.266985	0.277730	0.262620	0.251515	0.270323	0.251030	0.261179	0.267624	0.269322	0.265240	0.271782	0.264789	0.270071	0.258176	0.259692	0.264318	0.259171	0.264163	0.261332	0.264948	0.270811	0.274756	0.254036	0.270892	0.276213	
0.278018	0.266301	0.270341	0.279221	0.274968	0.255084	0.267505	0.000000	0.266450	0.266103	0.263351	0.262338	0.273517	0.275206	0.281189	0.272412	0.265390	0.267475	0.275526	0.262839	0.255726	0.274309	0.277056	0.263886	0.279740	0.284322	0.286610	0.267706	0.269381	0.270959	0.269848	0.279731	0.270440	0.269872	0.275375	0.279029	0.262108	0.285931	0.272097	
0.267286	0.265512	0.259965	0.273395	0.265601	0.260212	0.262554	0.266450	0.000000	0.251137	0.255829	0.260644	0.270223	0.264534	0.267230	0.262157	0.271937	0.259667	0.265801	0.254978	0.258996	0.270476	0.268699	0.254047	0.277153	0.270370	0.271824	0.261894	0.245189	0.268019	0.255960	0.275974	0.266566	0.255407	0.276693	0.274281	0.259516	0.272491	0.262384	
0.268889	0.267135	0.260690	0.276370	0.257248	0.265974	0.256722	0.266103	0.251137	0.000000	0.253786	0.252545	0.256466	0.268615	0.264655	0.261755	0.262459	0.259147	0.267404	0.260030	0.254841	0.265128	0.269381	0.258867	0.280416	0.271782	0.274518	0.265005	0.270639	0.260108	0.257980	0.272313	0.270558	0.261595	0.270435	0.273141	0.259425	0.264118	0.262245	
0.270451	0.265440	0.254058	0.268409	0.266393	0.269488	0.258867	0.263351	0.255829	0.253786	0.000000	0.263658	0.261105	0.260363	0.265425	0.264909	0.256727	0.252968	0.267459	0.250324	0.248779	0.267578	0.276614	0.249892	0.267560	0.271765	0.270177	0.259291	0.270194	0.259323	0.269322	0.266450	0.268282	0.259451	0.266797	0.273336	0.261745	0.254927	0.274201	
0.271608	0.272747	0.262839	0.274908	0.269704	0.262805	0.267258	0.262338	0.260644	0.252545	0.263658	0.000000	0.266435	0.262589	0.267013	0.277525	0.265045	0.256970	0.264559	0.249567	0.256940	0.271128	0.263784	0.254047	0.278571	0.279965	0.274201	0.265628	0.266220	0.274924	0.260728	0.281101	0.276587	0.271469	0.261558	0.279844	0.267129	0.281101	0.266335	
0.265178	0.268046	0.262174	0.272076	0.261162	0.265567	0.271997	0.273517	0.270223	0.256466	0.261105	0.266435	0.000000	0.267245	0.262998	0.264003	0.266187	0.250271	0.258310	0.258962	0.268450	0.271915	0.269848	0.263865	0.286428	0.275016	0.279332	0.262644	0.281528	0.269656	0.262998	0.277294	0.253641	0.270892	0.272648	0.274425	0.271583	0.268553	0.271602	
0.272197	0.264300	0.262941	0.267718	0.267703	0.272531	0.263853	0.275206	0.264534	0.268615	0.260363	0.262589	0.267245	0.000000	0.270739	0.265355	0.267593	0.261987	0.272727	0.251244	0.257441	0.270417	0.263511	0.265429	0.283921	0.280337	0.269605	0.266652	0.264649	0.263430	0.262622	0.269772	0.264184	0.266003	0.263181	0.294334	0.252632	0.281968	0.270820	
0.270147	0.266359	0.264335	0.272806	0.262338	0.275623	0.266985	0.281189	0.267230	0.264655	0.265425	0.267013	0.262998	0.270739	0.000000	0.263934	0.264430	0.266133	0.278646	0.264266	0.261799	0.276943	0.278994	0.266609	0.279453	0.258295	0.259692	0.274008	0.265987	0.258762	0.278671	0.280748	0.275510	0.274995	0.280461	0.271150	0.274299	0.279878	0.281067	
0.275676	0.265248	0.267346	0.277742	0.267934	0.273848	0.277730	0.272412	0.262157	0.261755	0.264909	0.277525	0.264003	0.265355	0.263934	0.000000	0.268913	0.267676	0.274480	0.258987	0.266948	0.281957	0.261142	0.269978	0.277609	0.275795	0.276108	0.270346	0.277585	0.266465	0.266262	0.283919	0.277850	0.257792	0.273181	0.278139	0.263618	0.279019	0.267807	
0.278489	0.272247	0.270906	0.271286	0.266710	0.274386	0.262620	0.265390	0.271937	0.262459	0.256727	0.265045	0.266187	0.267593	0.264430	0.268913	0.000000	0.253203	0.264738	0.262070	0.237893	0.272271	0.266189	0.273753	0.277790	0.277669	0.277090	0.270041	0.265971	0.271308	0.271836	0.276170	0.275397	0.264016	0.278735	0.277886	0.264686	0.266943	0.277234	
0.260043	0.254055	0.254766	0.271824	0.249568	0.244867	0.251515	0.267475	0.259667	0.259147	0.252968	0.256970	0.250271	0.261987	0.266133	0.267676	0.253203	0.000000	0.256061	0.251028	0.260049	0.262815	0.261349	0.247734	0.276071	0.270270	0.267012	0.267892	0.263943	0.257821	0.260615	0.273338	0.256388	0.255568	0.267679	0.264216	0.263936	0.261755	0.264706	
0.275698	0.271949	0.273476	0.272944	0.267085	0.275384	0.270323	0.275526	0.265801	0.267404	0.267459	0.264559	0.258310	0.272727	0.278646	0.274480	0.264738	0.256061	0.000000	0.272471	0.262959	0.267406	0.273652	0.263294	0.271840	0.274263	0.273042	0.263751	0.270838	0.263454	0.268939	0.263021	0.269239	0.271822	0.279070	0.293111	0.267489	0.282085	0.272530	
0.260653	0.257187	0.248807	0.263420	0.259836	0.258225	0.251030	0.262839	0.254978	0.260030	0.250324	0.249567	0.258962	0.251244	0.264266	0.258987	0.262070	0.251028	0.272471	0.000000	0.257003	0.272945	0.260550	0.255241	0.274816	0.264948	0.261142	0.250596	0.269697	0.262532	0.253689	0.265727	0.264629	0.252381	0.260973	0.277946	0.261707	0.269156	0.258120	
0.275755	0.265361	0.263756	0.260000	0.258544	0.264993	0.261179	0.255726	0.258996	0.254841	0.248779	0.256940	0.268450	0.257441	0.261799	0.266948	0.237893	0.260049	0.262959	0.257003	0.000000	0.267247	0.264164	0.258487	0.278309	0.266726	0.265542	0.254614	0.259556	0.263753	0.253565	0.277889	0.264470	0.260280	0.261655	0.272283	0.251719	0.271107	0.272404	
0.276379	0.265315	0.271559	0.275038	0.273872	0.280687	0.267624	0.274309	0.270476	0.265128	0.267578	0.271128	0.271915	0.270417	0.276943	0.281957	0.272271	0.262815	0.267406	0.272945	0.267247	0.000000	0.278019	0.272767	0.289972	0.273973	0.267260	0.274169	0.279878	0.268213	0.276410	0.296167	0.274271	0.268203	0.263032	0.283975	0.270519	0.272985	0.277452	
0.280035	0.274123	0.277946	0.287505	0.271274	0.272432	0.269322	0.277056	0.268699	0.269381	0.276614	0.263784	0.269848	0.263511	0.278994	0.261142	0.266189	0.261349	0.273652	0.260550	0.264164	0.278019	0.000000	0.272825	0.288591	0.276347	0.285653	0.265138	0.279844	0.281830	0.269022	0.278283	0.281724	0.273199	0.275076	0.284787	0.271729	0.286860	0.270937	
0.256526	0.260289	0.260710	0.272610	0.265847	0.261170	0.265240	0.263886	0.254047	0.258867	0.249892	0.254047	0.263865	0.265429	0.266609	0.269978	0.273753	0.247734	0.263294	0.255241	0.258487	0.272767	0.272825	0.000000	0.274476	0.276086	0.283064	0.266897	0.270784	0.266049	0.256871	0.259900	0.260381	0.264147	0.281101	0.268741	0.260733	0.271920	0.262476	
0.282778	0.270472	0.276416	0.298918	0.280865	0.281108	0.271782	0.279740	0.277153	0.280416	0.267560	0.278571	0.286428	0.283921	0.279453	0.277609	0.277790	0.276071	0.271840	0.274816	0.278309	0.289972	0.288591	0.274476	0.000000	0.284167	0.286672	0.278752	0.275817	0.283708	0.278585	0.281406	0.288812	0.282651	0.291612	0.285467	0.272197	0.289714	0.285127	
0.281297	0.271451	0.273693	0.281913	0.276145	0.276444	0.264789	0.284322	0.270370	0.271782	0.271765	0.279965	0.275016	0.280337	0.258295	0.275795	0.277669	0.270270	0.274263	0.264948	0.266726	0.273973	0.276347	0.276086	0.284167	0.000000	0.274162	0.276407	0.277056	0.276890	0.268055	0.280668	0.279428	0.270838	0.290554	0.275758	0.268325	0.282646	0.279991	
0.272079	0.281394	0.273062	0.273336	0.270019	0.275221	0.270071	0.286610	0.271824	0.274518	0.270177	0.274201	0.279332	0.269605	0.259692	0.276108	0.277090	0.267012	0.273042	0.261142	0.265542	0.267260	0.285653	0.283064	0.286672	0.274162	0.000000	0.291676	0.278859	0.278473	0.273771	0.277080	0.270130	0.284541	0.278585	0.278763	0.268861	0.276056	0.285683	
0.270959	0.269138	0.274599	0.281635	0.257995	0.273416	0.258176	0.267706	0.261894	0.265005	0.259291	0.265628	0.262644	0.266652	0.274008	0.270346	0.270041	0.267892	0.263751	0.250596	0.254614	0.274169	0.265138	0.266897	0.278752	0.276407	0.291676	0.000000	0.269680	0.263169	0.272826	0.277260	0.267331	0.268831	0.264553	0.270188	0.234991	0.272885	0.269539	
0.277778	0.267544	0.272156	0.274162	0.264579	0.271194	0.259692	0.269381	0.245189	0.270639	0.270194	0.266220	0.281528	0.264649	0.265987	0.277585	0.265971	0.263943	0.270838	0.269697	0.259556	0.279878	0.279844	0.270784	0.275817	0.277056	0.278859	0.269680	0.000000	0.280225	0.264094	0.273949	0.274913	0.271685	0.276656	0.281602	0.272911	0.279549	0.277093	
0.262726	0.267236	0.272334	0.263703	0.270317	0.272982	0.264318	0.270959	0.268019	0.260108	0.259323	0.274924	0.269656	0.263430	0.258762	0.266465	0.271308	0.257821	0.263454	0.262532	0.263753	0.268213	0.281830	0.266049	0.283708	0.276890	0.278473	0.263169	0.280225	0.000000	0.283860	0.269797	0.271568	0.266249	0.276056	0.282937	0.262687	0.272511	0.280562	
0.275347	0.269510	0.268955	0.279029	0.268398	0.266580	0.259171	0.269848	0.255960	0.257980	0.269322	0.260728	0.262998	0.262622	0.278671	0.266262	0.271836	0.260615	0.268939	0.253689	0.253565	0.276410	0.269022	0.256871	0.278585	0.268055	0.273771	0.272826	0.264094	0.283860	0.000000	0.268738	0.281216	0.263717	0.275082	0.276730	0.260889	0.258913	0.269573	
0.272471	0.266593	0.279818	0.273673	0.273219	0.280884	0.264163	0.279731	0.275974	0.272313	0.266450	0.281101	0.277294	0.269772	0.280748	0.283919	0.276170	0.273338	0.263021	0.265727	0.277889	0.296167	0.278283	0.259900	0.281406	0.280668	0.277080	0.277260	0.273949	0.269797	0.268738	0.000000	0.276102	0.278500	0.279313	0.294296	0.276257	0.279070	0.283297	
0.271704	0.272568	0.268287	0.263158	0.253731	0.271546	0.261332	0.270440	0.266566	0.270558	0.268282	0.276587	0.253641	0.264184	0.275510	0.277850	0.275397	0.256388	0.269239	0.264629	0.264470	0.274271	0.281724	0.260381	0.288812	0.279428	0.270130	0.267331	0.274913	0.271568	0.281216	0.276102	0.000000	0.272747	0.273103	0.283980	0.256675	0.276559	0.264139	
0.268208	0.257130	0.267981	0.272059	0.266580	0.275146	0.264948	0.269872	0.255407	0.261595	0.259451	0.271469	0.270892	0.266003	0.274995	0.257792	0.264016	0.255568	0.271822	0.252381	0.260280	0.268203	0.273199	0.264147	0.282651	0.270838	0.284541	0.268831	0.271685	0.266249	0.263717	0.278500	0.272747	0.000000	0.272530	0.276250	0.272299	0.269631	0.267691	
0.280104	0.271686	0.270017	0.279357	0.270382	0.272412	0.270811	0.275375	0.276693	0.270435	0.266797	0.261558	0.272648	0.263181	0.280461	0.273181	0.278735	0.267679	0.279070	0.260973	0.261655	0.263032	0.275076	0.281101	0.291612	0.290554	0.278585	0.264553	0.276656	0.276056	0.275082	0.279313	0.273103	0.272530	0.000000	0.282085	0.269499	0.282542	0.285466	
0.270761	0.276157	0.280572	0.281203	0.279014	0.280398	0.274756	0.279029	0.274281	0.273141	0.273336	0.279844	0.274425	0.294334	0.271150	0.278139	0.277886	0.264216	0.293111	0.277946	0.272283	0.283975	0.284787	0.268741	0.285467	0.275758	0.278763	0.270188	0.281602	0.282937	0.276730	0.294296	0.283980	0.276250	0.282085	0.000000	0.282160	0.281250	0.280424	
0.264831	0.262860	0.263867	0.263158	0.261580	0.258621	0.254036	0.262108	0.259516	0.259425	0.261745	0.267129	0.271583	0.252632	0.274299	0.263618	0.264686	0.263936	0.267489	0.261707	0.251719	0.270519	0.271729	0.260733	0.272197	0.268325	0.268861	0.234991	0.272911	0.262687	0.260889	0.276257	0.256675	0.272299	0.269499	0.282160	0.000000	0.275157	0.263842	
0.273180	0.272427	0.280035	0.277320	0.268356	0.276886	0.270892	0.285931	0.272491	0.264118	0.254927	0.281101	0.268553	0.281968	0.279878	0.279019	0.266943	0.261755	0.282085	0.269156	0.271107	0.272985	0.286860	0.271920	0.289714	0.282646	0.276056	0.272885	0.279549	0.272511	0.258913	0.279070	0.276559	0.269631	0.282542	0.281250	0.275157	0.000000	0.282491	
0.278979	0.266403	0.268647	0.288495	0.252593	0.268931	0.276213	0.272097	0.262384	0.262245	0.274201	0.266335	0.271602	0.270820	0.281067	0.267807	0.277234	0.264706	0.272530	0.258120	0.272404	0.277452	0.270937	0.262476	0.285127	0.279991	0.285683	0.269539	0.277093	0.280562	0.269573	0.283297	0.264139	0.267691	0.285466	0.280424	0.263842	0.282491	0.000000	
