0.000000	0.256394	0.258200	0.254404	0.267464	0.266793	0.259002	0.256044	0.270259	0.266022	0.260257	0.263533	0.260076	0.255382	0.264230	0.260796	0.266331	0.265767	0.252101	0.271636	0.263623	0.258755	0.259079	0.265743	0.252515	0.264274	0.256092	0.269554	0.267100	0.263478	0.263866	0.265753	0.326105	0.272536	0.347826	0.328640	0.325174	0.268810	0.265993	0.265053	0.264452	0.252231	0.259462	0.271218	
0.256394	0.000000	0.243237	0.255473	0.252179	0.256383	0.229900	0.265602	0.247548	0.242656	0.241049	0.246651	0.260527	0.252460	0.257872	0.247174	0.254576	0.253741	0.244837	0.249200	0.248348	0.253284	0.256416	0.250957	0.246497	0.258298	0.253674	0.259322	0.251223	0.258716	0.253671	0.264473	0.330704	0.266325	0.349145	0.334043	0.315519	0.271565	0.238593	0.260934	0.264380	0.257752	0.259054	0.247978	
0.258200	0.243237	0.000000	0.252411	0.254091	0.254881	0.247106	0.256146	0.254840	0.242227	0.241952	0.245279	0.252623	0.246729	0.258715	0.254844	0.253518	0.250158	0.244169	0.254262	0.233277	0.249514	0.256280	0.255194	0.250157	0.264274	0.254939	0.266499	0.261755	0.249004	0.265280	0.254637	0.324632	0.271368	0.341628	0.323041	0.320397	0.258512	0.243272	0.265474	0.271179	0.251578	0.270225	0.253938	
0.254404	0.255473	0.252411	0.000000	0.270615	0.265340	0.261655	0.254298	0.264903	0.256340	0.258342	0.262871	0.255600	0.249474	0.255341	0.254358	0.267812	0.260467	0.264515	0.264805	0.255141	0.254530	0.260952	0.265020	0.257680	0.269054	0.261635	0.266569	0.268216	0.254656	0.256287	0.261720	0.325772	0.264440	0.347085	0.331027	0.322601	0.259119	0.256717	0.260395	0.277265	0.256293	0.263158	0.258957	
0.267464	0.252179	0.254091	0.270615	0.000000	0.259267	0.253361	0.257760	0.255931	0.251625	0.252362	0.256754	0.261835	0.256794	0.270899	0.269021	0.266876	0.259680	0.249528	0.252837	0.254828	0.253506	0.265697	0.256754	0.248171	0.267072	0.258964	0.262794	0.259950	0.250523	0.269755	0.271293	0.343560	0.274007	0.350600	0.343121	0.336281	0.245544	0.268108	0.267857	0.273185	0.265089	0.270457	0.239572	
0.266793	0.256383	0.254881	0.265340	0.259267	0.000000	0.250158	0.264428	0.249790	0.239614	0.255882	0.255029	0.258856	0.257799	0.259384	0.268406	0.262639	0.264954	0.233319	0.263302	0.253308	0.258907	0.255534	0.256706	0.245607	0.265563	0.261910	0.262860	0.271222	0.259686	0.263213	0.260998	0.333263	0.268026	0.349273	0.338720	0.334176	0.266471	0.257299	0.267606	0.271048	0.259887	0.258241	0.248794	
0.259002	0.229900	0.247106	0.261655	0.253361	0.250158	0.000000	0.256524	0.262115	0.249474	0.249421	0.246270	0.261865	0.257028	0.262350	0.257486	0.267298	0.259345	0.247002	0.255745	0.251842	0.254274	0.263736	0.266387	0.253828	0.261089	0.255051	0.257684	0.259983	0.252048	0.260934	0.268735	0.334177	0.261227	0.338471	0.332983	0.328475	0.260101	0.253106	0.261483	0.270680	0.260453	0.267256	0.264143	
0.256044	0.265602	0.256146	0.254298	0.257760	0.264428	0.256524	0.000000	0.269344	0.256459	0.257413	0.262164	0.266261	0.236026	0.266583	0.261684	0.274045	0.266863	0.246797	0.263368	0.256674	0.261838	0.263402	0.269981	0.251518	0.268416	0.261134	0.267970	0.263114	0.263787	0.271048	0.278398	0.345611	0.277719	0.353090	0.340546	0.333052	0.151827	0.272918	0.274832	0.284514	0.258864	0.268754	0.255775	
0.270259	0.247548	0.254840	0.264903	0.255931	0.249790	0.262115	0.269344	0.000000	0.257203	0.249526	0.250630	0.255462	0.253643	0.267129	0.265121	0.266555	0.251003	0.253101	0.266231	0.248579	0.254813	0.256762	0.268851	0.250996	0.266597	0.266765	0.273301	0.263025	0.259080	0.270912	0.260915	0.337547	0.277918	0.349662	0.341186	0.324393	0.264199	0.260897	0.276174	0.267410	0.254138	0.271618	0.265293	
0.266022	0.242656	0.242227	0.256340	0.251625	0.239614	0.249474	0.256459	0.257203	0.000000	0.239807	0.251206	0.247064	0.247364	0.257868	0.262261	0.253722	0.263435	0.247113	0.248685	0.258512	0.247138	0.253111	0.251835	0.236759	0.256819	0.245331	0.265966	0.252150	0.235800	0.259446	0.252423	0.342310	0.265559	0.348651	0.337883	0.328062	0.260660	0.243010	0.266358	0.270111	0.259074	0.259298	0.244701	
0.260257	0.241049	0.241952	0.258342	0.252362	0.255882	0.249421	0.257413	0.249526	0.239807	0.000000	0.247113	0.243226	0.245407	0.264650	0.260329	0.259088	0.252214	0.244061	0.244679	0.248948	0.247458	0.253010	0.253675	0.242348	0.263390	0.255046	0.267775	0.257719	0.253725	0.273224	0.257486	0.339022	0.266962	0.354791	0.341884	0.322778	0.267662	0.250158	0.263901	0.267775	0.254189	0.261519	0.244430	
0.263533	0.246651	0.245279	0.262871	0.256754	0.255029	0.246270	0.262164	0.250630	0.251206	0.247113	0.000000	0.257227	0.248526	0.256915	0.254782	0.259958	0.248000	0.247431	0.251997	0.253412	0.248813	0.256270	0.259112	0.247595	0.256754	0.262639	0.271144	0.262099	0.254397	0.262109	0.266302	0.320513	0.264341	0.345125	0.337109	0.319857	0.256975	0.248635	0.264972	0.272975	0.254940	0.248374	0.252830	
0.260076	0.260527	0.252623	0.255600	0.261835	0.258856	0.261865	0.266261	0.255462	0.247064	0.243226	0.257227	0.000000	0.260641	0.258227	0.262040	0.266513	0.261318	0.247325	0.249002	0.251785	0.256526	0.257534	0.252199	0.250784	0.261526	0.259547	0.264903	0.261316	0.247958	0.271698	0.255892	0.339920	0.261720	0.347579	0.326693	0.319015	0.270038	0.257035	0.254519	0.268722	0.258744	0.265366	0.244286	
0.255382	0.252460	0.246729	0.249474	0.256794	0.257799	0.257028	0.236026	0.253643	0.247364	0.245407	0.248526	0.260641	0.000000	0.265022	0.257082	0.262547	0.256036	0.243882	0.246460	0.253854	0.244305	0.259911	0.260586	0.253050	0.273973	0.258119	0.260025	0.252476	0.261318	0.260704	0.260262	0.333263	0.263102	0.344630	0.332278	0.327049	0.245570	0.264892	0.263102	0.272267	0.258304	0.265668	0.257486	
0.264230	0.257872	0.258715	0.255341	0.270899	0.259384	0.262350	0.266583	0.267129	0.257868	0.264650	0.256915	0.258227	0.265022	0.000000	0.272880	0.265841	0.259743	0.258342	0.261464	0.249317	0.263067	0.262126	0.260268	0.257585	0.269868	0.267632	0.272097	0.268078	0.253300	0.270401	0.266681	0.320294	0.269611	0.341201	0.328158	0.294353	0.266946	0.257827	0.265559	0.270055	0.263581	0.274045	0.263478	
0.260796	0.247174	0.254844	0.254358	0.269021	0.268406	0.257486	0.261684	0.265121	0.262261	0.260329	0.254782	0.262040	0.257082	0.272880	0.000000	0.260732	0.256551	0.262837	0.261493	0.252898	0.259476	0.260364	0.268293	0.253359	0.271293	0.253684	0.252106	0.261775	0.255570	0.262626	0.266568	0.337410	0.278270	0.348478	0.339789	0.322833	0.258051	0.267285	0.268720	0.261639	0.258282	0.263158	0.268041	
0.266331	0.254576	0.253518	0.267812	0.266876	0.262639	0.267298	0.274045	0.266555	0.253722	0.259088	0.259958	0.266513	0.262547	0.265841	0.260732	0.000000	0.264012	0.256717	0.266989	0.246112	0.263226	0.266765	0.255190	0.253088	0.268666	0.259073	0.271105	0.265310	0.271165	0.269465	0.263424	0.320219	0.276225	0.334457	0.324097	0.319983	0.262230	0.266134	0.261254	0.263699	0.259783	0.269118	0.258972	
0.265767	0.253741	0.250158	0.260467	0.259680	0.264954	0.259345	0.266863	0.251003	0.263435	0.252214	0.248000	0.261318	0.256036	0.259743	0.256551	0.264012	0.000000	0.248683	0.247834	0.255539	0.229302	0.257518	0.248632	0.263976	0.265796	0.262914	0.270350	0.262792	0.248106	0.270601	0.268133	0.333122	0.273706	0.334039	0.323988	0.321338	0.263435	0.257282	0.266681	0.267398	0.257529	0.264501	0.262592	
0.252101	0.244837	0.244169	0.264515	0.249528	0.233319	0.247002	0.246797	0.253101	0.247113	0.244061	0.247431	0.247325	0.243882	0.258342	0.262837	0.256717	0.248683	0.000000	0.249158	0.243641	0.252377	0.248312	0.256502	0.245603	0.267464	0.254935	0.267591	0.263633	0.240780	0.258396	0.264266	0.333053	0.271408	0.345424	0.328013	0.326376	0.248793	0.248370	0.260677	0.269958	0.253696	0.257563	0.258552	
0.271636	0.249200	0.254262	0.264805	0.252837	0.263302	0.255745	0.263368	0.266231	0.248685	0.244679	0.251997	0.249002	0.246460	0.261464	0.261493	0.266989	0.247834	0.249158	0.000000	0.252634	0.249838	0.249101	0.262771	0.252623	0.257725	0.260888	0.264997	0.255467	0.255252	0.265306	0.263091	0.337832	0.263657	0.340938	0.335086	0.329178	0.260421	0.259009	0.267819	0.274316	0.260566	0.268421	0.258994	
0.263623	0.248348	0.233277	0.255141	0.254828	0.253308	0.251842	0.256674	0.248579	0.258512	0.248948	0.253412	0.251785	0.253854	0.249317	0.252898	0.246112	0.255539	0.243641	0.252634	0.000000	0.246756	0.257867	0.248163	0.250472	0.259609	0.250210	0.265881	0.250682	0.254774	0.255252	0.245836	0.323151	0.265586	0.341705	0.329058	0.314268	0.259251	0.243897	0.260110	0.267354	0.253809	0.270719	0.248161	
0.258755	0.253284	0.249514	0.254530	0.253506	0.258907	0.254274	0.261838	0.254813	0.247138	0.247458	0.248813	0.256526	0.244305	0.263067	0.259476	0.263226	0.229302	0.252377	0.249838	0.246756	0.000000	0.252170	0.250809	0.242672	0.265760	0.262692	0.260541	0.254750	0.248005	0.257556	0.253250	0.335932	0.268631	0.349750	0.332758	0.324295	0.266537	0.251136	0.254711	0.262748	0.247938	0.261029	0.252322	
0.259079	0.256416	0.256280	0.260952	0.265697	0.255534	0.263736	0.263402	0.256762	0.253111	0.253010	0.256270	0.257534	0.259911	0.262126	0.260364	0.266765	0.257518	0.248312	0.249101	0.257867	0.252170	0.000000	0.265121	0.263833	0.269661	0.258282	0.266090	0.261483	0.265164	0.272305	0.252222	0.340030	0.274900	0.336017	0.326793	0.321822	0.269255	0.255701	0.262368	0.269312	0.252673	0.262247	0.263447	
0.265743	0.250957	0.255194	0.265020	0.256754	0.256706	0.266387	0.269981	0.268851	0.251835	0.253675	0.259112	0.252199	0.260586	0.260268	0.268293	0.255190	0.248632	0.256502	0.262771	0.248163	0.250809	0.265121	0.000000	0.257215	0.270746	0.260122	0.268625	0.259166	0.259422	0.280713	0.268462	0.322967	0.269861	0.344777	0.330468	0.324347	0.273128	0.254515	0.274007	0.274502	0.259123	0.262959	0.258964	
0.252515	0.246497	0.250157	0.257680	0.248171	0.245607	0.253828	0.251518	0.250996	0.236759	0.242348	0.247595	0.250784	0.253050	0.257585	0.253359	0.253088	0.263976	0.245603	0.252623	0.250472	0.242672	0.263833	0.257215	0.000000	0.259833	0.258010	0.267281	0.262916	0.255435	0.266485	0.255672	0.339068	0.262274	0.350011	0.333194	0.324643	0.250471	0.248480	0.261800	0.270423	0.258456	0.252881	0.251622	
0.264274	0.258298	0.264274	0.269054	0.267072	0.265563	0.261089	0.268416	0.266597	0.256819	0.263390	0.256754	0.261526	0.273973	0.269868	0.271293	0.268666	0.265796	0.267464	0.257725	0.259609	0.265760	0.269661	0.270746	0.259833	0.000000	0.260021	0.278396	0.270803	0.262353	0.276007	0.269992	0.333894	0.270606	0.343164	0.336831	0.322941	0.276752	0.259874	0.277696	0.270418	0.267492	0.277288	0.270191	
0.256092	0.253674	0.254939	0.261635	0.258964	0.261910	0.255051	0.261134	0.266765	0.245331	0.255046	0.262639	0.259547	0.258119	0.267632	0.253684	0.259073	0.262914	0.254935	0.260888	0.250210	0.262692	0.258282	0.260122	0.258010	0.260021	0.000000	0.263655	0.266834	0.256813	0.264539	0.264223	0.323653	0.269878	0.343598	0.331863	0.331365	0.260714	0.259150	0.276305	0.270435	0.261201	0.269651	0.266065	
0.269554	0.259322	0.266499	0.266569	0.262794	0.262860	0.257684	0.267970	0.273301	0.265966	0.267775	0.271144	0.264903	0.260025	0.272097	0.252106	0.271105	0.270350	0.267591	0.264997	0.265881	0.260541	0.266090	0.268625	0.267281	0.278396	0.263655	0.000000	0.275819	0.267617	0.271582	0.273398	0.337966	0.272995	0.353301	0.342299	0.336358	0.280252	0.277778	0.260632	0.273855	0.260170	0.271447	0.266961	
0.267100	0.251223	0.261755	0.268216	0.259950	0.271222	0.259983	0.263114	0.263025	0.252150	0.257719	0.262099	0.261316	0.252476	0.268078	0.261775	0.265310	0.262792	0.263633	0.255467	0.250682	0.254750	0.261483	0.259166	0.262916	0.270803	0.266834	0.275819	0.000000	0.269529	0.258809	0.267256	0.338377	0.278957	0.351801	0.336760	0.326453	0.265422	0.258403	0.265027	0.270991	0.227796	0.267212	0.252517	
0.263478	0.258716	0.249004	0.254656	0.250523	0.259686	0.252048	0.263787	0.259080	0.235800	0.253725	0.254397	0.247958	0.261318	0.253300	0.255570	0.271165	0.248106	0.240780	0.255252	0.254774	0.248005	0.265164	0.259422	0.255435	0.262353	0.256813	0.267617	0.269529	0.000000	0.270536	0.268349	0.327311	0.270741	0.342947	0.327322	0.324142	0.258700	0.257191	0.257509	0.272289	0.255859	0.273967	0.266192	
0.263866	0.253671	0.265280	0.256287	0.269755	0.263213	0.260934	0.271048	0.270912	0.259446	0.273224	0.262109	0.271698	0.260704	0.270401	0.262626	0.269465	0.270601	0.258396	0.265306	0.255252	0.257556	0.272305	0.280713	0.266485	0.276007	0.264539	0.271582	0.258809	0.270536	0.000000	0.280691	0.307595	0.279192	0.344013	0.331024	0.313659	0.271735	0.274485	0.279495	0.285234	0.269189	0.275000	0.274234	
0.265753	0.264473	0.254637	0.261720	0.271293	0.260998	0.268735	0.278398	0.260915	0.252423	0.257486	0.266302	0.255892	0.260262	0.266681	0.266568	0.263424	0.268133	0.264266	0.263091	0.245836	0.253250	0.252222	0.268462	0.255672	0.269992	0.264223	0.273398	0.267256	0.268349	0.280691	0.000000	0.336149	0.272535	0.344616	0.328559	0.325719	0.281652	0.255539	0.272746	0.265809	0.258015	0.268761	0.250579	
0.326105	0.330704	0.324632	0.325772	0.343560	0.333263	0.334177	0.345611	0.337547	0.342310	0.339022	0.320513	0.339920	0.333263	0.320294	0.337410	0.320219	0.333122	0.333053	0.337832	0.323151	0.335932	0.340030	0.322967	0.339068	0.333894	0.323653	0.337966	0.338377	0.327311	0.307595	0.336149	0.000000	0.342050	0.227148	0.248895	0.227033	0.340349	0.345627	0.336496	0.333544	0.339582	0.332280	0.335717	
0.272536	0.266325	0.271368	0.264440	0.274007	0.268026	0.261227	0.277719	0.277918	0.265559	0.266962	0.264341	0.261720	0.263102	0.269611	0.278270	0.276225	0.273706	0.271408	0.263657	0.265586	0.268631	0.274900	0.269861	0.262274	0.270606	0.269878	0.272995	0.278957	0.270741	0.279192	0.272535	0.342050	0.000000	0.353762	0.330878	0.331714	0.280362	0.271061	0.275775	0.288211	0.264981	0.268421	0.271828	
0.347826	0.349145	0.341628	0.347085	0.350600	0.349273	0.338471	0.353090	0.349662	0.348651	0.354791	0.345125	0.347579	0.344630	0.341201	0.348478	0.334457	0.334039	0.345424	0.340938	0.341705	0.349750	0.336017	0.344777	0.350011	0.343164	0.343598	0.353301	0.351801	0.342947	0.344013	0.344616	0.227148	0.353762	0.000000	0.217281	0.217244	0.345846	0.352755	0.337698	0.345708	0.352774	0.347817	0.347313	
0.328640	0.334043	0.323041	0.331027	0.343121	0.338720	0.332983	0.340546	0.341186	0.337883	0.341884	0.337109	0.326693	0.332278	0.328158	0.339789	0.324097	0.323988	0.328013	0.335086	0.329058	0.332758	0.326793	0.330468	0.333194	0.336831	0.331863	0.342299	0.336760	0.327322	0.331024	0.328559	0.248895	0.330878	0.217281	0.000000	0.234662	0.335014	0.338310	0.316288	0.330252	0.333406	0.334314	0.336343	
0.325174	0.315519	0.320397	0.322601	0.336281	0.334176	0.328475	0.333052	0.324393	0.328062	0.322778	0.319857	0.319015	0.327049	0.294353	0.322833	0.319983	0.321338	0.326376	0.329178	0.314268	0.324295	0.321822	0.324347	0.324643	0.322941	0.331365	0.336358	0.326453	0.324142	0.313659	0.325719	0.227033	0.331714	0.217244	0.234662	0.000000	0.334318	0.330308	0.330235	0.328692	0.325180	0.324404	0.325184	
0.268810	0.271565	0.258512	0.259119	0.245544	0.266471	0.260101	0.151827	0.264199	0.260660	0.267662	0.256975	0.270038	0.245570	0.266946	0.258051	0.262230	0.263435	0.248793	0.260421	0.259251	0.266537	0.269255	0.273128	0.250471	0.276752	0.260714	0.280252	0.265422	0.258700	0.271735	0.281652	0.340349	0.280362	0.345846	0.335014	0.334318	0.000000	0.272766	0.267620	0.288296	0.260766	0.269441	0.255931	
0.265993	0.238593	0.243272	0.256717	0.268108	0.257299	0.253106	0.272918	0.260897	0.243010	0.250158	0.248635	0.257035	0.264892	0.257827	0.267285	0.266134	0.257282	0.248370	0.259009	0.243897	0.251136	0.255701	0.254515	0.248480	0.259874	0.259150	0.277778	0.258403	0.257191	0.274485	0.255539	0.345627	0.271061	0.352755	0.338310	0.330308	0.272766	0.000000	0.273857	0.273033	0.266391	0.274353	0.259407	
0.265053	0.260934	0.265474	0.260395	0.267857	0.267606	0.261483	0.274832	0.276174	0.266358	0.263901	0.264972	0.254519	0.263102	0.265559	0.268720	0.261254	0.266681	0.260677	0.267819	0.260110	0.254711	0.262368	0.274007	0.261800	0.277696	0.276305	0.260632	0.265027	0.257509	0.279495	0.272746	0.336496	0.275775	0.337698	0.316288	0.330235	0.267620	0.273857	0.000000	0.274737	0.262252	0.277474	0.270930	
0.264452	0.264380	0.271179	0.277265	0.273185	0.271048	0.270680	0.284514	0.267410	0.270111	0.267775	0.272975	0.268722	0.272267	0.270055	0.261639	0.263699	0.267398	0.269958	0.274316	0.267354	0.262748	0.269312	0.274502	0.270423	0.270418	0.270435	0.273855	0.270991	0.272289	0.285234	0.265809	0.333544	0.288211	0.345708	0.330252	0.328692	0.288296	0.273033	0.274737	0.000000	0.274309	0.273702	0.262970	
0.252231	0.257752	0.251578	0.256293	0.265089	0.259887	0.260453	0.258864	0.254138	0.259074	0.254189	0.254940	0.258744	0.258304	0.263581	0.258282	0.259783	0.257529	0.253696	0.260566	0.253809	0.247938	0.252673	0.259123	0.258456	0.267492	0.261201	0.260170	0.227796	0.255859	0.269189	0.258015	0.339582	0.264981	0.352774	0.333406	0.325180	0.260766	0.266391	0.262252	0.274309	0.000000	0.267247	0.248261	
0.259462	0.259054	0.270225	0.263158	0.270457	0.258241	0.267256	0.268754	0.271618	0.259298	0.261519	0.248374	0.265366	0.265668	0.274045	0.263158	0.269118	0.264501	0.257563	0.268421	0.270719	0.261029	0.262247	0.262959	0.252881	0.277288	0.269651	0.271447	0.267212	0.273967	0.275000	0.268761	0.332280	0.268421	0.347817	0.334314	0.324404	0.269441	0.274353	0.277474	0.273702	0.267247	0.000000	0.274102	
0.271218	0.247978	0.253938	0.258957	0.239572	0.248794	0.264143	0.255775	0.265293	0.244701	0.244430	0.252830	0.244286	0.257486	0.263478	0.268041	0.258972	0.262592	0.258552	0.258994	0.248161	0.252322	0.263447	0.258964	0.251622	0.270191	0.266065	0.266961	0.252517	0.266192	0.274234	0.250579	0.335717	0.271828	0.347313	0.336343	0.325184	0.255931	0.259407	0.270930	0.262970	0.248261	0.274102	0.000000	
