0.000000	0.273734	0.263287	0.268314	0.281834	0.280401	0.267336	0.272221	0.281634	0.268391	0.275585	0.275440	0.271186	0.272687	0.271149	0.274352	0.277592	0.283412	0.261189	0.282715	0.271066	0.274662	0.262816	0.278236	0.274610	0.283263	0.268543	0.288770	0.273640	0.279002	0.269573	0.275631	0.283579	0.275547	0.280999	0.275106	0.287595	0.268991	0.274230	0.274025	
0.273734	0.000000	0.260771	0.274927	0.276221	0.261027	0.243720	0.281448	0.267784	0.267542	0.274004	0.268596	0.269022	0.273945	0.271535	0.268342	0.269353	0.273244	0.260909	0.272789	0.262670	0.272748	0.265288	0.265943	0.273632	0.275854	0.272397	0.280353	0.262228	0.270570	0.262873	0.275346	0.286750	0.286135	0.257751	0.271013	0.274457	0.266074	0.283609	0.268160	
0.263287	0.260771	0.000000	0.266026	0.262453	0.265922	0.259284	0.266816	0.259798	0.259002	0.269799	0.255642	0.260908	0.261269	0.265074	0.258404	0.264430	0.264316	0.263299	0.263771	0.247596	0.261019	0.271339	0.268827	0.255866	0.271914	0.265022	0.281690	0.262368	0.267530	0.280678	0.258404	0.280054	0.269084	0.264088	0.272727	0.275800	0.264829	0.278002	0.261969	
0.268314	0.274927	0.266026	0.000000	0.283901	0.270499	0.271632	0.271451	0.274615	0.271572	0.274816	0.274003	0.272585	0.269678	0.269265	0.274799	0.274755	0.274519	0.268494	0.275854	0.265388	0.263965	0.268025	0.274064	0.271998	0.296924	0.278051	0.281480	0.280518	0.272221	0.269855	0.283289	0.277393	0.274715	0.272808	0.272381	0.276339	0.266913	0.281788	0.272464	
0.281834	0.276221	0.262453	0.283901	0.000000	0.278174	0.257525	0.268939	0.259482	0.264765	0.260870	0.270156	0.273133	0.273195	0.280561	0.270494	0.278645	0.265503	0.264424	0.260831	0.269342	0.258810	0.271710	0.269102	0.265197	0.277691	0.258266	0.279857	0.266116	0.266147	0.270685	0.283895	0.277555	0.259201	0.270740	0.270470	0.279116	0.270776	0.282109	0.256633	
0.280401	0.261027	0.265922	0.270499	0.278174	0.000000	0.261714	0.273963	0.257928	0.260259	0.266786	0.267988	0.260433	0.262805	0.273335	0.272179	0.268407	0.271953	0.236291	0.272402	0.265447	0.272207	0.271281	0.270843	0.259639	0.273133	0.278784	0.281382	0.274330	0.270722	0.270866	0.264864	0.271043	0.272484	0.267797	0.273114	0.267470	0.258780	0.265475	0.268853	
0.267336	0.243720	0.259284	0.271632	0.257525	0.261714	0.000000	0.265283	0.259499	0.253851	0.268930	0.262266	0.271266	0.267741	0.265388	0.269635	0.276848	0.274215	0.256079	0.258837	0.266637	0.266835	0.265471	0.262770	0.265447	0.267128	0.262922	0.270475	0.260500	0.261878	0.265315	0.273602	0.271732	0.264298	0.262841	0.269041	0.271122	0.262306	0.264147	0.267753	
0.272221	0.281448	0.266816	0.271451	0.268939	0.273963	0.265283	0.000000	0.278150	0.275993	0.273153	0.271734	0.274107	0.250112	0.283645	0.271183	0.282080	0.275762	0.259755	0.263746	0.273092	0.278058	0.281425	0.273741	0.275301	0.286192	0.279580	0.283229	0.271103	0.277023	0.279386	0.289515	0.282206	0.165439	0.279018	0.276472	0.285842	0.258609	0.284086	0.265119	
0.281634	0.267784	0.259798	0.274615	0.259482	0.257928	0.259499	0.278150	0.000000	0.266428	0.266324	0.269926	0.265594	0.271851	0.267024	0.272727	0.275307	0.268462	0.265684	0.269756	0.261394	0.265826	0.275135	0.267857	0.263839	0.268767	0.272056	0.287693	0.265877	0.272382	0.276762	0.272727	0.285459	0.269515	0.266935	0.275723	0.272036	0.266543	0.287858	0.276101	
0.268391	0.267542	0.259002	0.271572	0.264765	0.260259	0.253851	0.275993	0.266428	0.000000	0.261830	0.266949	0.265179	0.276024	0.263322	0.271365	0.263604	0.268550	0.260094	0.263699	0.258540	0.265811	0.268205	0.265834	0.259813	0.266458	0.258663	0.280232	0.268200	0.247547	0.270318	0.258389	0.273315	0.277195	0.257481	0.269774	0.279330	0.269071	0.273927	0.257870	
0.275585	0.274004	0.269799	0.274816	0.260870	0.266786	0.268930	0.273153	0.266324	0.261830	0.000000	0.267291	0.263346	0.268025	0.271795	0.273500	0.265520	0.271973	0.263557	0.265041	0.265297	0.265704	0.267265	0.266905	0.264614	0.270596	0.274396	0.285714	0.270168	0.274816	0.280526	0.273215	0.283192	0.276872	0.264745	0.276720	0.273357	0.272433	0.265324	0.265297	
0.275440	0.268596	0.255642	0.274003	0.270156	0.267988	0.262266	0.271734	0.269926	0.266949	0.267291	0.000000	0.267738	0.265817	0.264201	0.271122	0.280330	0.264726	0.258409	0.269884	0.266786	0.269627	0.270325	0.277345	0.270945	0.272889	0.281215	0.277084	0.275100	0.268717	0.266355	0.275084	0.278348	0.269806	0.267172	0.279320	0.277517	0.271237	0.260054	0.272139	
0.271186	0.269022	0.260908	0.272585	0.273133	0.260433	0.271266	0.274107	0.265594	0.265179	0.263346	0.267738	0.000000	0.273684	0.257417	0.266786	0.278758	0.266592	0.254407	0.265712	0.263793	0.272915	0.269283	0.260656	0.262324	0.264568	0.272442	0.278571	0.269050	0.266845	0.266488	0.252462	0.286704	0.280510	0.272118	0.260870	0.271448	0.271445	0.269678	0.258209	
0.272687	0.273945	0.261269	0.269678	0.273195	0.262805	0.267741	0.250112	0.271851	0.276024	0.268025	0.265817	0.273684	0.000000	0.275654	0.272156	0.267965	0.275180	0.254753	0.269343	0.268413	0.264415	0.276529	0.271080	0.269515	0.273887	0.269119	0.286577	0.264502	0.280188	0.279428	0.271810	0.274255	0.259409	0.268861	0.272401	0.276048	0.269819	0.277479	0.265786	
0.271149	0.271535	0.265074	0.269265	0.280561	0.273335	0.265388	0.283645	0.267024	0.263322	0.271795	0.264201	0.257417	0.275654	0.000000	0.275754	0.270740	0.274519	0.264483	0.270047	0.265493	0.256181	0.268249	0.269831	0.269771	0.277307	0.267099	0.278805	0.262441	0.270156	0.269188	0.270717	0.274046	0.284758	0.258755	0.274334	0.282749	0.261894	0.282172	0.261374	
0.274352	0.268342	0.258404	0.274799	0.270494	0.272179	0.269635	0.271183	0.272727	0.271365	0.273500	0.271122	0.266786	0.272156	0.275754	0.000000	0.259790	0.277466	0.269781	0.276882	0.265489	0.272268	0.274096	0.282361	0.278051	0.274883	0.258686	0.268603	0.274843	0.270331	0.267188	0.268774	0.282132	0.276024	0.282837	0.275994	0.272727	0.274496	0.273583	0.271365	
0.277592	0.269353	0.264430	0.274755	0.278645	0.268407	0.276848	0.282080	0.275307	0.263604	0.265520	0.280330	0.278758	0.267965	0.270740	0.259790	0.000000	0.274888	0.269909	0.275615	0.260384	0.278580	0.267877	0.260986	0.272139	0.268690	0.261569	0.293684	0.272341	0.276824	0.274226	0.269799	0.285555	0.280223	0.263510	0.272849	0.267709	0.270689	0.284404	0.264180	
0.283412	0.273244	0.264316	0.274519	0.265503	0.271953	0.274215	0.275762	0.268462	0.268550	0.271973	0.264726	0.266592	0.275180	0.274519	0.277466	0.274888	0.000000	0.267189	0.272176	0.265695	0.248160	0.264746	0.266517	0.281075	0.283057	0.274607	0.292404	0.274787	0.275576	0.271975	0.276567	0.283247	0.273665	0.269955	0.269966	0.277828	0.268632	0.282345	0.278027	
0.261189	0.260909	0.263299	0.268494	0.264424	0.236291	0.256079	0.259755	0.265684	0.260094	0.263557	0.258409	0.254407	0.254753	0.264483	0.269781	0.269909	0.267189	0.000000	0.267993	0.257474	0.259615	0.263217	0.254456	0.254513	0.260705	0.274413	0.281988	0.265119	0.266102	0.260850	0.262570	0.275061	0.257647	0.255020	0.261249	0.264180	0.270963	0.267933	0.262324	
0.282715	0.272789	0.263771	0.275854	0.260831	0.272402	0.258837	0.263746	0.269756	0.263699	0.265041	0.269884	0.265712	0.269343	0.270047	0.276882	0.275615	0.272176	0.267993	0.000000	0.275492	0.266758	0.271788	0.274860	0.267426	0.269394	0.274378	0.293092	0.263205	0.278473	0.273823	0.279919	0.276248	0.266055	0.267845	0.275746	0.283796	0.274433	0.275661	0.268680	
0.271066	0.262670	0.247596	0.265388	0.269342	0.265447	0.266637	0.273092	0.261394	0.258540	0.265297	0.266786	0.263793	0.268413	0.265493	0.265489	0.260384	0.265695	0.257474	0.275492	0.000000	0.271602	0.271300	0.259871	0.262994	0.266295	0.264324	0.273315	0.262735	0.263768	0.268211	0.260626	0.278597	0.272788	0.265015	0.264785	0.274291	0.264971	0.280859	0.259656	
0.274662	0.272748	0.261019	0.263965	0.258810	0.272207	0.266835	0.278058	0.265826	0.265811	0.265704	0.269627	0.272915	0.264415	0.256181	0.272268	0.278580	0.248160	0.259615	0.266758	0.271602	0.000000	0.265992	0.267628	0.267399	0.280871	0.275086	0.277994	0.269204	0.261507	0.270295	0.265273	0.280505	0.281587	0.253266	0.261500	0.270685	0.261168	0.269346	0.273498	
0.262816	0.265288	0.271339	0.268025	0.271710	0.271281	0.265471	0.281425	0.275135	0.268205	0.267265	0.270325	0.269283	0.276529	0.268249	0.274096	0.267877	0.264746	0.263217	0.271788	0.271300	0.265992	0.000000	0.274356	0.276086	0.276109	0.262579	0.284786	0.266308	0.276148	0.267278	0.274994	0.285105	0.279785	0.257008	0.264283	0.272442	0.260325	0.274933	0.270852	
0.278236	0.265943	0.268827	0.274064	0.269102	0.270843	0.262770	0.273741	0.267857	0.265834	0.266905	0.277345	0.260656	0.271080	0.269831	0.282361	0.260986	0.266517	0.254456	0.274860	0.259871	0.267628	0.274356	0.000000	0.269162	0.280776	0.273296	0.280045	0.261549	0.273234	0.275762	0.272240	0.281759	0.279973	0.262160	0.273724	0.276016	0.272811	0.280510	0.271307	
0.274610	0.273632	0.255866	0.271998	0.265197	0.259639	0.265447	0.275301	0.263839	0.259813	0.264614	0.270945	0.262324	0.269515	0.269771	0.278051	0.272139	0.281075	0.254513	0.267426	0.262994	0.267399	0.276086	0.269162	0.000000	0.278261	0.268827	0.283326	0.264896	0.272504	0.271696	0.265981	0.275893	0.277393	0.265283	0.277915	0.273661	0.267144	0.272463	0.269016	
0.283263	0.275854	0.271914	0.296924	0.277691	0.273133	0.267128	0.286192	0.268767	0.266458	0.270596	0.272889	0.264568	0.273887	0.277307	0.274883	0.268690	0.283057	0.260705	0.269394	0.266295	0.280871	0.276109	0.280776	0.278261	0.000000	0.271975	0.294446	0.268587	0.274247	0.281452	0.270125	0.277641	0.285778	0.273823	0.279283	0.275469	0.269871	0.287662	0.282143	
0.268543	0.272397	0.265022	0.278051	0.258266	0.278784	0.262922	0.279580	0.272056	0.258663	0.274396	0.281215	0.272442	0.269119	0.267099	0.258686	0.261569	0.274607	0.274413	0.274378	0.264324	0.275086	0.262579	0.273296	0.268827	0.271975	0.000000	0.276933	0.270204	0.271183	0.274392	0.262049	0.281047	0.276310	0.267681	0.281545	0.273746	0.268999	0.283569	0.268516	
0.288770	0.280353	0.281690	0.281480	0.279857	0.281382	0.270475	0.283229	0.287693	0.280232	0.285714	0.277084	0.278571	0.286577	0.278805	0.268603	0.293684	0.292404	0.281988	0.293092	0.273315	0.277994	0.284786	0.280045	0.283326	0.294446	0.276933	0.000000	0.292699	0.281034	0.281389	0.287950	0.288457	0.282939	0.293015	0.273460	0.286576	0.273567	0.285938	0.267068	
0.273640	0.262228	0.262368	0.280518	0.266116	0.274330	0.260500	0.271103	0.265877	0.268200	0.270168	0.275100	0.269050	0.264502	0.262441	0.274843	0.272341	0.274787	0.265119	0.263205	0.262735	0.269204	0.266308	0.261549	0.264896	0.268587	0.270204	0.292699	0.000000	0.267961	0.271511	0.275129	0.281019	0.272402	0.267813	0.271688	0.266383	0.244337	0.282166	0.267203	
0.279002	0.270570	0.267530	0.272221	0.266147	0.270722	0.261878	0.277023	0.272382	0.247547	0.274816	0.268717	0.266845	0.280188	0.270156	0.270331	0.276824	0.275576	0.266102	0.278473	0.263768	0.261507	0.276148	0.273234	0.272504	0.274247	0.271183	0.281034	0.267961	0.000000	0.270138	0.276872	0.276116	0.276562	0.270132	0.267234	0.284152	0.276212	0.278597	0.275424	
0.269573	0.262873	0.280678	0.269855	0.270685	0.270866	0.265315	0.279386	0.276762	0.270318	0.280526	0.266355	0.266488	0.279428	0.269188	0.267188	0.274226	0.271975	0.260850	0.273823	0.268211	0.270295	0.267278	0.275762	0.271696	0.281452	0.274392	0.281389	0.271511	0.270138	0.000000	0.281920	0.275301	0.282657	0.272950	0.274760	0.284727	0.271847	0.274269	0.268657	
0.275631	0.275346	0.258404	0.283289	0.283895	0.264864	0.273602	0.289515	0.272727	0.258389	0.273215	0.275084	0.252462	0.271810	0.270717	0.268774	0.269799	0.276567	0.262570	0.279919	0.260626	0.265273	0.274994	0.272240	0.265981	0.270125	0.262049	0.287950	0.275129	0.276872	0.281920	0.000000	0.264666	0.290864	0.267621	0.274299	0.274071	0.269275	0.262946	0.263758	
0.283579	0.286750	0.280054	0.277393	0.277555	0.271043	0.271732	0.282206	0.285459	0.273315	0.283192	0.278348	0.286704	0.274255	0.274046	0.282132	0.285555	0.283247	0.275061	0.276248	0.278597	0.280505	0.285105	0.281759	0.275893	0.277641	0.281047	0.288457	0.281019	0.276116	0.275301	0.264666	0.000000	0.275939	0.276139	0.277354	0.284213	0.270076	0.282292	0.281341	
0.275547	0.286135	0.269084	0.274715	0.259201	0.272484	0.264298	0.165439	0.269515	0.277195	0.276872	0.269806	0.280510	0.259409	0.284758	0.276024	0.280223	0.273665	0.257647	0.266055	0.272788	0.281587	0.279785	0.279973	0.277393	0.285778	0.276310	0.282939	0.272402	0.276562	0.282657	0.290864	0.275939	0.000000	0.281055	0.278700	0.282934	0.263876	0.278487	0.261899	
0.280999	0.257751	0.264088	0.272808	0.270740	0.267797	0.262841	0.279018	0.266935	0.257481	0.264745	0.267172	0.272118	0.268861	0.258755	0.282837	0.263510	0.269955	0.255020	0.267845	0.265015	0.253266	0.257008	0.262160	0.265283	0.273823	0.267681	0.293015	0.267813	0.270132	0.272950	0.267621	0.276139	0.281055	0.000000	0.275762	0.271569	0.276532	0.273602	0.262841	
0.275106	0.271013	0.272727	0.272381	0.270470	0.273114	0.269041	0.276472	0.275723	0.269774	0.276720	0.279320	0.260870	0.272401	0.274334	0.275994	0.272849	0.269966	0.261249	0.275746	0.264785	0.261500	0.264283	0.273724	0.277915	0.279283	0.281545	0.273460	0.271688	0.267234	0.274760	0.274299	0.277354	0.278700	0.275762	0.000000	0.278189	0.267161	0.287767	0.267369	
0.287595	0.274457	0.275800	0.276339	0.279116	0.267470	0.271122	0.285842	0.272036	0.279330	0.273357	0.277517	0.271448	0.276048	0.282749	0.272727	0.267709	0.277828	0.264180	0.283796	0.274291	0.270685	0.272442	0.276016	0.273661	0.275469	0.273746	0.286576	0.266383	0.284152	0.284727	0.274071	0.284213	0.282934	0.271569	0.278189	0.000000	0.277058	0.271771	0.267993	
0.268991	0.266074	0.264829	0.266913	0.270776	0.258780	0.262306	0.258609	0.266543	0.269071	0.272433	0.271237	0.271445	0.269819	0.261894	0.274496	0.270689	0.268632	0.270963	0.274433	0.264971	0.261168	0.260325	0.272811	0.267144	0.269871	0.268999	0.273567	0.244337	0.276212	0.271847	0.269275	0.270076	0.263876	0.276532	0.267161	0.277058	0.000000	0.284523	0.265141	
0.274230	0.283609	0.278002	0.281788	0.282109	0.265475	0.264147	0.284086	0.287858	0.273927	0.265324	0.260054	0.269678	0.277479	0.282172	0.273583	0.284404	0.282345	0.267933	0.275661	0.280859	0.269346	0.274933	0.280510	0.272463	0.287662	0.283569	0.285938	0.282166	0.278597	0.274269	0.262946	0.282292	0.278487	0.273602	0.287767	0.271771	0.284523	0.000000	0.276286	
0.274025	0.268160	0.261969	0.272464	0.256633	0.268853	0.267753	0.265119	0.276101	0.257870	0.265297	0.272139	0.258209	0.265786	0.261374	0.271365	0.264180	0.278027	0.262324	0.268680	0.259656	0.273498	0.270852	0.271307	0.269016	0.282143	0.268516	0.267068	0.267203	0.275424	0.268657	0.263758	0.281341	0.261899	0.262841	0.267369	0.267993	0.265141	0.276286	0.000000	
