0.000000	0.340720	0.314578	0.323907	0.323834	0.318538	0.343750	0.322997	0.301047	0.307494	0.308094	0.332474	0.329016	0.339426	0.323760	0.311653	0.359897	0.364611	0.301790	0.301020	0.290816	0.321101	0.353403	0.295337	0.319693	0.348958	0.324808	0.334184	0.335938	0.316327	0.314286	0.356383	0.329016	0.288184	0.363636	0.321053	0.359173	0.312661	0.312821	0.298942	0.285333	0.316901	0.335938	0.342175	
0.340720	0.000000	0.348774	0.350685	0.303867	0.323204	0.322222	0.290411	0.319444	0.305785	0.325967	0.302198	0.305785	0.362881	0.315642	0.347826	0.361644	0.341880	0.344262	0.328804	0.345109	0.327869	0.310734	0.331492	0.351499	0.357341	0.332425	0.260163	0.305785	0.331522	0.312155	0.347339	0.337017	0.319018	0.366391	0.332402	0.339726	0.303030	0.320652	0.293785	0.328612	0.329710	0.332410	0.341808	
0.314578	0.348774	0.000000	0.286076	0.339286	0.316195	0.313776	0.292621	0.278351	0.318066	0.313625	0.317259	0.352041	0.323077	0.329897	0.296791	0.321519	0.349206	0.267677	0.314070	0.304020	0.314024	0.328982	0.293367	0.294710	0.330769	0.307305	0.296482	0.330769	0.349246	0.294118	0.358639	0.306122	0.332386	0.327366	0.317829	0.335025	0.304569	0.305556	0.291667	0.301047	0.301370	0.290488	0.356021	
0.323907	0.350685	0.286076	0.000000	0.327366	0.307692	0.307692	0.289003	0.299742	0.329082	0.301546	0.307888	0.337596	0.298969	0.295337	0.281501	0.330789	0.328912	0.281013	0.340050	0.282116	0.315951	0.314961	0.293367	0.303030	0.326478	0.315657	0.272040	0.359897	0.370277	0.251282	0.314961	0.345269	0.329545	0.351282	0.316883	0.313776	0.275510	0.301266	0.302872	0.265092	0.302405	0.312661	0.325459	
0.323834	0.303867	0.339286	0.327366	0.000000	0.303896	0.352332	0.306701	0.325581	0.308483	0.323834	0.369231	0.329897	0.316883	0.320312	0.308108	0.319797	0.312834	0.303571	0.309645	0.322335	0.337461	0.338624	0.313625	0.351145	0.357513	0.300254	0.279188	0.328165	0.327411	0.319588	0.307895	0.329049	0.303725	0.343669	0.345550	0.380463	0.289744	0.362245	0.328947	0.307692	0.339161	0.320312	0.331565	
0.318538	0.323204	0.316195	0.307692	0.303896	0.000000	0.315104	0.301299	0.285340	0.301546	0.315927	0.311856	0.316883	0.324607	0.312336	0.294278	0.354005	0.358491	0.313625	0.334184	0.294118	0.334365	0.334218	0.290155	0.333333	0.346354	0.329923	0.327366	0.343750	0.358056	0.315104	0.352000	0.319481	0.286127	0.382812	0.343008	0.349741	0.326425	0.303342	0.302387	0.331551	0.287197	0.309711	0.336898	
0.343750	0.322222	0.313776	0.307692	0.352332	0.315104	0.000000	0.292746	0.324607	0.338501	0.297650	0.324742	0.339378	0.342037	0.314136	0.309783	0.347938	0.322581	0.320513	0.316327	0.334184	0.339506	0.297872	0.313472	0.342711	0.325521	0.350384	0.326531	0.330729	0.367347	0.289406	0.321809	0.277202	0.329480	0.298701	0.302632	0.317829	0.302326	0.333333	0.335979	0.295213	0.286207	0.327225	0.332447	
0.322997	0.290411	0.292621	0.289003	0.306701	0.301299	0.292746	0.000000	0.294271	0.287179	0.280519	0.310256	0.259640	0.287565	0.278646	0.305405	0.332481	0.320000	0.290816	0.276650	0.279188	0.267692	0.284960	0.247423	0.300254	0.305699	0.267176	0.286802	0.303109	0.307107	0.284238	0.282322	0.304124	0.280000	0.315245	0.321990	0.300771	0.267352	0.297710	0.317585	0.286842	0.280277	0.280519	0.322751	
0.301047	0.319444	0.278351	0.299742	0.325581	0.285340	0.324607	0.294271	0.000000	0.290909	0.296588	0.297927	0.315104	0.333333	0.251969	0.300546	0.309278	0.354054	0.255155	0.298469	0.305128	0.316614	0.265957	0.278646	0.321337	0.313316	0.287918	0.307692	0.329016	0.302564	0.284595	0.317333	0.314286	0.320809	0.323760	0.314815	0.301299	0.329870	0.296392	0.281915	0.283422	0.266667	0.313158	0.356568	
0.307494	0.305785	0.318066	0.329082	0.308483	0.301546	0.338501	0.287179	0.290909	0.000000	0.318653	0.334184	0.334190	0.318653	0.312500	0.299191	0.301790	0.307692	0.297710	0.329114	0.296203	0.312883	0.341207	0.308483	0.316456	0.338501	0.275949	0.303797	0.299742	0.308861	0.306701	0.335092	0.316195	0.296296	0.347044	0.347258	0.341026	0.330769	0.312977	0.301837	0.330688	0.370242	0.296104	0.333333	
0.308094	0.325967	0.313625	0.301546	0.323834	0.315927	0.297650	0.280519	0.296588	0.318653	0.000000	0.271318	0.319481	0.298429	0.280840	0.277174	0.320413	0.292225	0.293059	0.289003	0.313776	0.284830	0.287234	0.271318	0.325641	0.263021	0.284615	0.291560	0.315104	0.278772	0.325521	0.299735	0.288312	0.273775	0.315104	0.284211	0.291990	0.307494	0.308483	0.335979	0.304000	0.309859	0.323760	0.312834	
0.332474	0.302198	0.317259	0.307888	0.369231	0.311856	0.324742	0.310256	0.297927	0.334184	0.271318	0.000000	0.328205	0.317829	0.303896	0.298387	0.349490	0.319261	0.307107	0.310606	0.305556	0.271341	0.325459	0.292308	0.301266	0.311856	0.303797	0.330808	0.331620	0.318182	0.318766	0.315789	0.297436	0.313390	0.320513	0.341146	0.324808	0.301790	0.307107	0.303665	0.313158	0.302405	0.292746	0.290237	
0.329016	0.305785	0.352041	0.337596	0.329897	0.316883	0.339378	0.259640	0.315104	0.334190	0.319481	0.328205	0.000000	0.301299	0.305483	0.356757	0.353846	0.318182	0.326531	0.302030	0.327411	0.305556	0.291005	0.288660	0.312977	0.367876	0.320611	0.307107	0.318653	0.312183	0.310078	0.304233	0.314433	0.278736	0.356589	0.321990	0.354756	0.323907	0.321429	0.314961	0.293651	0.298611	0.343750	0.322751	
0.339426	0.362881	0.323077	0.298969	0.316883	0.324607	0.342037	0.287565	0.333333	0.318653	0.298429	0.317829	0.301299	0.000000	0.336842	0.346049	0.320413	0.326146	0.287918	0.314578	0.265985	0.331250	0.346667	0.300518	0.320513	0.321149	0.297436	0.321429	0.328982	0.319693	0.289062	0.318421	0.329870	0.344828	0.353247	0.323684	0.333333	0.359173	0.310256	0.356201	0.308511	0.322695	0.343832	0.329787	
0.323760	0.315642	0.329897	0.295337	0.320312	0.312336	0.314136	0.278646	0.251969	0.312500	0.280840	0.303896	0.305483	0.336842	0.000000	0.272480	0.326425	0.319783	0.297158	0.326478	0.325641	0.296875	0.296791	0.286458	0.335052	0.314961	0.335052	0.272494	0.314136	0.334190	0.268930	0.316354	0.315927	0.304598	0.353403	0.299735	0.315104	0.296875	0.315245	0.297872	0.274194	0.284211	0.320210	0.323529	
0.311653	0.347826	0.296791	0.281501	0.308108	0.294278	0.309783	0.305405	0.300546	0.299191	0.277174	0.298387	0.356757	0.346049	0.272480	0.000000	0.322581	0.325843	0.318182	0.287234	0.313830	0.279743	0.325000	0.316216	0.325333	0.328804	0.287234	0.260638	0.298103	0.335106	0.289544	0.314917	0.293801	0.310241	0.344173	0.293956	0.326146	0.319892	0.298667	0.311295	0.280556	0.282609	0.309140	0.325905	
0.359897	0.361644	0.321519	0.330789	0.319797	0.354005	0.347938	0.332481	0.309278	0.301790	0.320413	0.349490	0.353846	0.320413	0.326425	0.322581	0.000000	0.351064	0.332487	0.348485	0.303030	0.315951	0.351706	0.310256	0.331646	0.363402	0.351899	0.328283	0.322165	0.353535	0.298201	0.339474	0.329923	0.325714	0.362468	0.354167	0.373402	0.332481	0.365482	0.319372	0.321900	0.326389	0.335917	0.339474	
0.364611	0.341880	0.349206	0.328912	0.312834	0.358491	0.322581	0.320000	0.354054	0.307692	0.292225	0.319261	0.318182	0.326146	0.319783	0.325843	0.351064	0.000000	0.310526	0.347368	0.315789	0.278481	0.337912	0.331551	0.315789	0.333333	0.292876	0.289474	0.301075	0.290576	0.345845	0.324176	0.326203	0.299703	0.326203	0.347826	0.373333	0.351064	0.304233	0.348774	0.321526	0.325000	0.323450	0.325137	
0.301790	0.344262	0.267677	0.281013	0.303571	0.313625	0.320513	0.290816	0.255155	0.297710	0.293059	0.307107	0.326531	0.287918	0.297158	0.318182	0.332487	0.310526	0.000000	0.324121	0.298995	0.287462	0.298429	0.254453	0.299748	0.335897	0.279597	0.283920	0.294872	0.324121	0.283887	0.319372	0.326531	0.311615	0.332481	0.323834	0.315522	0.330789	0.292929	0.302083	0.280840	0.286207	0.314433	0.293963	
0.301020	0.328804	0.314070	0.340050	0.309645	0.334184	0.316327	0.276650	0.298469	0.329114	0.289003	0.310606	0.302030	0.314578	0.326478	0.287234	0.348485	0.347368	0.324121	0.000000	0.322500	0.297872	0.314286	0.307107	0.308271	0.329082	0.295739	0.327500	0.292621	0.307500	0.310433	0.351562	0.279188	0.293785	0.325700	0.306701	0.301266	0.303797	0.281407	0.292746	0.315927	0.305842	0.323077	0.326371	
0.290816	0.345109	0.304020	0.282116	0.322335	0.294118	0.334184	0.279188	0.305128	0.296203	0.313776	0.305556	0.327411	0.265985	0.325641	0.313830	0.303030	0.315789	0.298995	0.322500	0.000000	0.303951	0.315104	0.302030	0.308271	0.341837	0.318296	0.315000	0.292621	0.315000	0.249364	0.322917	0.332487	0.290141	0.343511	0.347938	0.372152	0.326582	0.306533	0.284974	0.297650	0.276451	0.312821	0.321149	
0.321101	0.327869	0.314024	0.315951	0.337461	0.334365	0.339506	0.267692	0.316614	0.312883	0.284830	0.271341	0.305556	0.331250	0.296875	0.279743	0.315951	0.278481	0.287462	0.297872	0.303951	0.000000	0.298137	0.302469	0.313070	0.350932	0.298780	0.282675	0.301242	0.303030	0.301242	0.358730	0.303681	0.277778	0.368421	0.349057	0.342593	0.317901	0.311927	0.304762	0.284375	0.296443	0.289720	0.295238	
0.353403	0.310734	0.328982	0.314961	0.338624	0.334218	0.297872	0.284960	0.265957	0.341207	0.287234	0.325459	0.291005	0.346667	0.296791	0.325000	0.351706	0.337912	0.298429	0.314286	0.315104	0.298137	0.000000	0.306878	0.342037	0.344828	0.325521	0.328125	0.305851	0.307292	0.323607	0.298913	0.317460	0.335294	0.352785	0.322581	0.368421	0.340369	0.295812	0.281081	0.321526	0.317857	0.314667	0.345109	
0.295337	0.331492	0.293367	0.293367	0.313625	0.290155	0.313472	0.247423	0.278646	0.308483	0.271318	0.292308	0.288660	0.300518	0.286458	0.316216	0.310256	0.331551	0.254453	0.307107	0.302030	0.302469	0.306878	0.000000	0.310433	0.336788	0.295165	0.284264	0.300518	0.286802	0.302326	0.302632	0.306701	0.304598	0.294574	0.308094	0.311054	0.284615	0.280612	0.336842	0.267905	0.311189	0.304688	0.291005	
0.319693	0.351499	0.294710	0.303030	0.351145	0.333333	0.342711	0.300254	0.321337	0.316456	0.325641	0.301266	0.312977	0.320513	0.335052	0.325333	0.331646	0.315789	0.299748	0.308271	0.308271	0.313070	0.342037	0.310433	0.000000	0.306905	0.321608	0.293233	0.306905	0.353383	0.280612	0.331593	0.338422	0.318310	0.300254	0.327320	0.368020	0.302030	0.287154	0.321244	0.327225	0.334483	0.323907	0.339426	
0.348958	0.357341	0.330769	0.326478	0.357513	0.346354	0.325521	0.305699	0.313316	0.338501	0.263021	0.311856	0.367876	0.321149	0.314961	0.328804	0.363402	0.333333	0.335897	0.329082	0.341837	0.350932	0.344828	0.336788	0.306905	0.000000	0.286445	0.306122	0.344560	0.308673	0.319481	0.356383	0.308290	0.338150	0.366234	0.333333	0.351421	0.325581	0.341026	0.371728	0.378667	0.329861	0.319372	0.349333	
0.324808	0.332425	0.307305	0.315657	0.300254	0.329923	0.350384	0.267176	0.287918	0.275949	0.284615	0.303797	0.320611	0.297436	0.335052	0.287234	0.351899	0.292876	0.279597	0.295739	0.318296	0.298780	0.325521	0.295165	0.321608	0.286445	0.000000	0.273183	0.286445	0.298246	0.298469	0.315927	0.328244	0.322946	0.323980	0.348837	0.327411	0.332487	0.299748	0.316883	0.303665	0.332192	0.315385	0.303665	
0.334184	0.260163	0.296482	0.272040	0.279188	0.327366	0.326531	0.286802	0.307692	0.303797	0.291560	0.330808	0.307107	0.321429	0.272494	0.260638	0.328283	0.289474	0.283920	0.327500	0.315000	0.282675	0.328125	0.284264	0.293233	0.306122	0.273183	0.000000	0.283163	0.312500	0.256997	0.342857	0.279188	0.295775	0.318066	0.301546	0.339241	0.286076	0.298995	0.318653	0.281984	0.302405	0.304348	0.294271	
0.335938	0.305785	0.330769	0.359897	0.328165	0.343750	0.330729	0.303109	0.329016	0.299742	0.315104	0.331620	0.318653	0.328982	0.314136	0.298103	0.322165	0.301075	0.294872	0.292621	0.292621	0.301242	0.305851	0.300518	0.306905	0.344560	0.286445	0.283163	0.000000	0.316327	0.288312	0.375000	0.303109	0.318052	0.374677	0.370079	0.348837	0.310078	0.289744	0.296296	0.328000	0.269896	0.311518	0.338667	
0.316327	0.331522	0.349246	0.370277	0.327411	0.358056	0.367347	0.307107	0.302564	0.308861	0.278772	0.318182	0.312183	0.319693	0.334190	0.335106	0.353535	0.290576	0.324121	0.307500	0.315000	0.303030	0.307292	0.286802	0.353383	0.308673	0.298246	0.312500	0.316327	0.000000	0.310433	0.346354	0.307107	0.299435	0.350254	0.304124	0.336709	0.372152	0.329146	0.331606	0.302872	0.331058	0.305128	0.321149	
0.314286	0.312155	0.294118	0.251282	0.319588	0.315104	0.289406	0.284238	0.284595	0.306701	0.325521	0.318766	0.310078	0.289062	0.268930	0.289544	0.298201	0.345845	0.283887	0.310433	0.249364	0.301242	0.323607	0.302326	0.280612	0.319481	0.298469	0.256997	0.288312	0.310433	0.000000	0.308707	0.297158	0.278736	0.316062	0.312336	0.327320	0.329897	0.329923	0.287599	0.244681	0.267606	0.310705	0.351064	
0.356383	0.347339	0.358639	0.314961	0.307895	0.352000	0.321809	0.282322	0.317333	0.335092	0.299735	0.315789	0.304233	0.318421	0.316354	0.314917	0.339474	0.324176	0.319372	0.351562	0.322917	0.358730	0.298913	0.302632	0.331593	0.356383	0.315927	0.342857	0.375000	0.346354	0.308707	0.000000	0.335979	0.331378	0.359788	0.345845	0.366755	0.330709	0.342932	0.351351	0.333333	0.323843	0.328877	0.355978	
0.329016	0.337017	0.306122	0.345269	0.329049	0.319481	0.277202	0.304124	0.314286	0.316195	0.288312	0.297436	0.314433	0.329870	0.315927	0.293801	0.329923	0.326203	0.326531	0.279188	0.332487	0.303681	0.317460	0.306701	0.338422	0.308290	0.328244	0.279188	0.303109	0.307107	0.297158	0.335979	0.000000	0.347701	0.273902	0.310705	0.280206	0.302564	0.349490	0.323684	0.283820	0.297203	0.335938	0.312997	
0.288184	0.319018	0.332386	0.329545	0.303725	0.286127	0.329480	0.280000	0.320809	0.296296	0.273775	0.313390	0.278736	0.344828	0.304598	0.310241	0.325714	0.299703	0.311615	0.293785	0.290141	0.277778	0.335294	0.304598	0.318310	0.338150	0.322946	0.295775	0.318052	0.299435	0.278736	0.331378	0.347701	0.000000	0.386819	0.350725	0.346705	0.328571	0.327684	0.315789	0.338235	0.268939	0.304348	0.335277	
0.363636	0.366391	0.327366	0.351282	0.343669	0.382812	0.298701	0.315245	0.323760	0.347044	0.315104	0.320513	0.356589	0.353247	0.353403	0.344173	0.362468	0.326203	0.332481	0.325700	0.343511	0.368421	0.352785	0.294574	0.300254	0.366234	0.323980	0.318066	0.374677	0.350254	0.316062	0.359788	0.273902	0.386819	0.000000	0.303665	0.309278	0.357326	0.342711	0.384211	0.292553	0.360140	0.339426	0.334218	
0.321053	0.332402	0.317829	0.316883	0.345550	0.343008	0.302632	0.321990	0.314815	0.347258	0.284211	0.341146	0.321990	0.323684	0.299735	0.293956	0.354167	0.347826	0.323834	0.306701	0.347938	0.349057	0.322581	0.308094	0.327320	0.333333	0.348837	0.301546	0.370079	0.304124	0.312336	0.345845	0.310705	0.350725	0.303665	0.000000	0.278646	0.314286	0.326425	0.310160	0.295699	0.292857	0.317460	0.304582	
0.359173	0.339726	0.335025	0.313776	0.380463	0.349741	0.317829	0.300771	0.301299	0.341026	0.291990	0.324808	0.354756	0.333333	0.315104	0.326146	0.373402	0.373333	0.315522	0.301266	0.372152	0.342593	0.368421	0.311054	0.368020	0.351421	0.327411	0.339241	0.348837	0.336709	0.327320	0.366755	0.280206	0.346705	0.309278	0.278646	0.000000	0.358056	0.333333	0.375328	0.332454	0.349650	0.354922	0.330688	
0.312661	0.303030	0.304569	0.275510	0.289744	0.326425	0.302326	0.267352	0.329870	0.330769	0.307494	0.301790	0.323907	0.359173	0.296875	0.319892	0.332481	0.351064	0.330789	0.303797	0.326582	0.317901	0.340369	0.284615	0.302030	0.325581	0.332487	0.286076	0.310078	0.372152	0.329897	0.330709	0.302564	0.328571	0.357326	0.314286	0.358056	0.000000	0.274809	0.275591	0.319261	0.297578	0.322078	0.328042	
0.312821	0.320652	0.305556	0.301266	0.362245	0.303342	0.333333	0.297710	0.296392	0.312977	0.308483	0.307107	0.321429	0.310256	0.315245	0.298667	0.365482	0.304233	0.292929	0.281407	0.306533	0.311927	0.295812	0.280612	0.287154	0.341026	0.299748	0.298995	0.289744	0.329146	0.329923	0.342932	0.349490	0.327684	0.342711	0.326425	0.333333	0.274809	0.000000	0.291667	0.338583	0.319588	0.298201	0.349081	
0.298942	0.293785	0.291667	0.302872	0.328947	0.302387	0.335979	0.317585	0.281915	0.301837	0.335979	0.303665	0.314961	0.356201	0.297872	0.311295	0.319372	0.348774	0.302083	0.292746	0.284974	0.304762	0.281081	0.336842	0.321244	0.371728	0.316883	0.318653	0.296296	0.331606	0.287599	0.351351	0.323684	0.315789	0.384211	0.310160	0.375328	0.275591	0.291667	0.000000	0.308108	0.320285	0.311170	0.358491	
0.285333	0.328612	0.301047	0.265092	0.307692	0.331551	0.295213	0.286842	0.283422	0.330688	0.304000	0.313158	0.293651	0.308511	0.274194	0.280556	0.321900	0.321526	0.280840	0.315927	0.297650	0.284375	0.321526	0.267905	0.327225	0.378667	0.303665	0.281984	0.328000	0.302872	0.244681	0.333333	0.283820	0.338235	0.292553	0.295699	0.332454	0.319261	0.338583	0.308108	0.000000	0.291815	0.288770	0.297814	
0.316901	0.329710	0.301370	0.302405	0.339161	0.287197	0.286207	0.280277	0.266667	0.370242	0.309859	0.302405	0.298611	0.322695	0.284211	0.282609	0.326389	0.325000	0.286207	0.305842	0.276451	0.296443	0.317857	0.311189	0.334483	0.329861	0.332192	0.302405	0.269896	0.331058	0.267606	0.323843	0.297203	0.268939	0.360140	0.292857	0.349650	0.297578	0.319588	0.320285	0.291815	0.000000	0.314488	0.323843	
0.335938	0.332410	0.290488	0.312661	0.320312	0.309711	0.327225	0.280519	0.313158	0.296104	0.323760	0.292746	0.343750	0.343832	0.320210	0.309140	0.335917	0.323450	0.314433	0.323077	0.312821	0.289720	0.314667	0.304688	0.323907	0.319372	0.315385	0.304348	0.311518	0.305128	0.310705	0.328877	0.335938	0.304348	0.339426	0.317460	0.354922	0.322078	0.298201	0.311170	0.288770	0.314488	0.000000	0.317333	
0.342175	0.341808	0.356021	0.325459	0.331565	0.336898	0.332447	0.322751	0.356568	0.333333	0.312834	0.290237	0.322751	0.329787	0.323529	0.325905	0.339474	0.325137	0.293963	0.326371	0.321149	0.295238	0.345109	0.291005	0.339426	0.349333	0.303665	0.294271	0.338667	0.321149	0.351064	0.355978	0.312997	0.335277	0.334218	0.304582	0.330688	0.328042	0.349081	0.358491	0.297814	0.323843	0.317333	0.000000	
